Vertex1	Vertex2	Cost	CellRoute
648113	662626	48.16	648113	649433	648111	648110	649430	650750	652070	653390	654710	654709	654708	654707	656027	657347	658667	658666	659986	661306	662626
653098	674101	388.21999999999997	653098	653097	653096	653095	654415	655735	655734	655733	655732	655731	657051	657050	657049	658369	658368	658367	659687	661007	661006	661005	661004	661003	661002	661001	661000	660999	660998	660997	660996	660995	660994	660993	660992	660991	660990	660989	660988	662308	662307	662306	663626	663625	664945	664944	664943	666263	667583	668903	668902	668901	670221	671541	671540	671539	671538	671537	671536	671535	672855	674175	674174	674173	674172	674171	674170	672848	672847	674167	675487	676807	676806	676805	676804	676803	676802	676801	676800	676799	676798	676797	676796	676795	676794	676793	676792	676791	676790	676789	676788	676787	678107	678106	678105	678104	678103	678102	678101	678100	678099	678098	678097	678096	678095	678094	678093	678092	678091	678090	678089	678088	678087	676765	675443	674121	672799	672798	672797	672796	672795	672794	672793	672792	672791	672790	671468	671467	672787	672786	672785	672784	672783	672782	674102	674101
204258	205578	19.099999999999998	204258	205578
665232	711424	126.07999999999998	665232	666552	667872	669192	670512	670511	671831	673152	674472	674471	674470	674469	674468	675788	677108	678428	679748	679747	681067	681066	682386	683706	683705	683704	685024	685023	686343	687663	688983	690303	691624	692944	694264	695584	696904	698224	699544	700864	702184	703505	704825	706145	707465	708785	710105	711425	712745	711424
518787	661330	346.90999999999997	518787	520107	521427	522747	522746	524066	525386	526706	528027	529348	530669	531990	533311	534631	535951	537271	538591	539911	541231	542551	543871	545191	546512	547832	549152	550472	551792	553112	554432	555752	557073	558394	559715	561037	562358	563680	565001	566322	567642	568963	570283	571603	572923	574244	575564	576884	578204	579525	580846	582166	583486	584807	586127	587447	588767	590088	591408	592730	594051	595372	596693	598013	599333	600654	601975	603296	604616	605937	607258	608578	609899	611219	612540	613860	615180	616500	617820	619140	620460	621780	623100	624420	625740	627060	628380	629700	631021	632341	633661	634981	634980	636300	637620	637619	638939	640259	641579	642899	642898	642897	644217	644216	645536	645535	645534	646854	648174	648173	649493	649492	650812	650811	652131	652130	653450	653449	653448	653447	654767	656087	656086	656085	657405	656083	657403	657402	657401	657400	657399	657398	657397	658717	660037	660036	661356	662676	662675	662674	662673	662672	662671	662670	662669	662668	662667	663987	662665	661343	661342	661341	661340	661339	661338	661337	661336	661335	661334	661333	661332	661331	661330
662626	665232	56.52	662626	663946	663945	663944	663943	663942	663941	663940	663939	663938	663937	663936	663935	663934	663933	663932	663931	663930	663929	663928	665248	665247	665246	665245	665244	665243	665242	665241	665240	665239	665238	665237	665236	665235	665234	665233	665232
518787	448928	342.81000000000006	518787	518788	518789	518790	518791	518792	518793	518794	518795	518796	518797	518798	518799	518800	518801	518802	518803	518804	518805	518806	518807	518808	518809	518810	518811	517491	517492	517493	516173	517495	517496	516176	516177	516178	516179	517501	517502	517503	516183	516184	514864	513544	512224	512225	510905	509584	508264	506944	508266	508267	506947	506948	505628	504308	504309	504310	502990	502991	501671	501672	501673	500353	499033	497713	496393	495073	495074	495075	495076	493756	493757	493758	493759	493760	493761	492441	492442	491122	489802	488482	487162	485842	484522	483202	483203	483204	483205	483206	483207	483208	483209	483210	481890	481891	481892	481893	481894	481895	481896	481897	481898	480578	479258	479259	479260	479261	479262	479263	479264	479265	479266	479267	479268	479269	479270	479271	479272	477952	476632	475312	473992	472672	472673	472674	471354	470034	470035	468715	467395	466075	464755	463435	463436	463437	463438	462118	460798	459478	459479	458159	456839	456840	455520	454200	452880	451560	450240	450241	450242	448922	448923	448924	448925	448926	448927	448928
159378	103858	161.93	159378	159377	159376	159375	160695	159373	158051	156729	156728	156727	156726	155404	155403	155402	155401	155400	154078	152756	151435	150113	148792	147471	146150	144828	143507	142185	140864	139543	138222	136902	135581	134260	132939	131617	130295	128974	127653	126331	125009	123688	122366	121044	119722	118400	117078	115757	114435	113113	111791	111790	110468	109146	107824	106502	105180	103858
549021	648113	182.06000000000003	549021	550342	551663	552985	554306	555627	556948	558270	559591	560912	562233	563554	564875	566197	567518	568839	570160	571480	572801	574122	575443	576763	578084	579404	580725	582046	583366	584687	586008	587329	588650	589971	591292	592613	593935	595256	596578	597899	599221	600542	601863	603184	604505	605826	607147	608468	609789	611110	612432	613753	615074	616395	617717	619039	620361	621683	623004	624325	625647	626968	628289	629611	630932	632253	633574	634895	636217	637539	638860	640182	641504	642825	644147	645469	646791	648113
575067	556556	45.89999999999999	575067	575066	573744	572422	571100	569778	568456	567134	567133	567132	565810	564488	563166	561844	560522	559200	557878	556556
663526	664847	2.32	664847	663526
653098	593584	250.95	653098	651776	651775	651774	650452	649130	647808	647807	646485	645163	643841	643840	642518	641196	639874	639873	638551	637229	635907	634585	633263	633262	631940	631939	631938	630616	629294	627972	626650	625328	624006	622684	621362	620040	618718	617396	616074	614752	613431	612109	610787	609465	608143	606821	605499	604177	602855	602854	601532	600210	600209	598887	597565	596243	596242	596241	594919	594918	594917	594916	594915	594914	594913	594912	594911	594910	594909	594908	594907	594906	593584
572410	576375	4.92	572410	573732	575053	576375
648114	648113	4.78	648114	648113
323100	235929	164.5	323100	321779	320457	319136	317815	316494	315173	313852	312531	311210	309889	308568	307247	305926	304605	303284	301963	300643	299322	298001	296680	295358	294037	292716	291395	290075	288754	287433	286113	284793	283473	282152	280831	279510	278189	276868	275547	274226	272905	271584	270263	268942	267621	266301	264981	263660	262340	261020	259700	258380	257059	255738	254418	253098	251778	250458	249137	247817	246496	245175	243854	242533	241212	239892	238571	237250	235929
506013	495532	130.14000000000004	506013	504693	503373	503374	503375	503376	503377	503378	503379	503380	503381	503382	503383	502063	502064	502065	502066	502067	502068	502069	502070	502071	502072	502073	502074	502075	502076	502077	502078	502079	502080	502081	502082	502083	500763	500764	500765	500766	500767	500768	500769	500770	500771	500772	500773	500774	500775	500776	500777	500778	500779	500780	500781	500782	499462	499463	499464	499465	499466	500788	499468	499469	499470	499471	499472	499473	499474	499475	499476	499477	499478	499479	499480	499481	498161	498162	498163	498164	498165	498166	498167	496847	496848	496849	496850	495530	495531	495532
544480	539184	21.02	544480	544479	544478	543156	541834	541833	540511	540510	539188	539187	539186	539185	539184
649437	630964	62.35000000000001	649437	649438	648118	646798	646799	645479	644159	644160	642840	641520	640200	638880	637560	636240	636241	636242	634922	633602	632282	632283	630963	630964
246347	247669	3.2	246347	247669
539184	495532	145.71999999999997	539184	539183	539182	537860	537859	537858	537857	537856	537855	536533	535212	533890	533889	532567	531245	529923	529922	528600	528599	528598	528597	528596	528595	528594	527272	525950	525949	525948	525947	525946	525945	525944	525943	524621	523299	521977	520655	519333	518011	516689	515367	514045	512723	511401	511400	511399	511398	510076	508754	507432	506110	506109	504787	503465	502143	500821	499499	498177	496855	495533	495532
637387	626768	94.11000000000001	637387	636065	634743	633421	632099	630777	630776	630775	630774	630773	630772	630771	632091	632090	632089	632088	632087	630765	630764	630763	630762	630761	632081	632080	630758	630757	629435	629434	629433	629432	629431	629430	629429	629428	628106	628105	628104	628103	628102	628101	628100	628099	628098	626776	626775	626774	626773	626772	628092	626770	626769	626768
665007	632017	168.60000000000002	665007	665008	665009	663689	665011	665012	665013	665014	665015	665016	665017	663697	662377	661055	659734	658413	657093	655773	654452	653131	651810	650489	649168	647848	647849	647850	647851	647852	646532	646533	646534	646535	646536	646537	646538	645218	643898	642577	641257	639937	639938	638618	637297	635977	634657	633337	632017
549021	436779	169.36999999999998	549021	547701	546381	545061	543741	542421	541100	539780	538460	537140	535820	534500	533180	531860	530540	529220	527899	526579	525258	523938	522617	521296	519976	518656	517335	516015	514695	513374	512054	510733	509413	508092	506772	505451	504131	502811	501490	500169	498848	497527	496207	494887	493567	492247	490926	489605	488285	486965	485644	484323	483003	481682	480362	479041	477721	476400	475079	473759	472438	471117	469797	468476	467155	465834	464514	463193	461872	460552	459231	457910	456589	455269	453948	452627	451307	449986	448665	447344	446023	444703	443382	442061	440741	439420	438099	436779
213487	116956	289.01	213487	212165	210844	209523	208201	206879	205557	204235	202913	201591	200269	198947	197625	196303	194981	193659	192337	191015	189694	188372	187050	185728	184406	183084	181762	180440	179118	177796	177795	177794	177793	176471	176470	175148	175147	175146	175145	173823	172501	172500	172499	172498	171176	169854	169853	169852	168530	167208	167207	165885	165884	164562	164561	164560	164559	163237	161915	160594	159272	157950	156628	155306	153984	152662	151340	150018	148696	147374	146052	144730	143408	142086	140764	140763	139441	138119	136797	136796	135474	134152	134151	132829	132828	132827	132826	131504	130182	128860	127538	126216	124894	123572	122250	120928	119606	118284	118283	118282	118281	118280	118279	118278	116956
490287	495532	69.12	490287	491607	491606	492926	492925	492924	491602	490280	488958	487636	486314	486313	486312	487632	487631	487630	487629	487628	488948	488947	488946	488945	488944	490264	490263	490262	490261	491581	491580	491579	491578	492898	492897	492896	494216	494215	494214	494213	494212	495532
665006	665007	5.67	665006	665007
616154	632017	34.86	616154	617476	618798	620120	621442	622763	624085	625407	626729	628051	629373	630695	632017
622777	625446	46.63	622777	622778	622779	622780	622781	622782	622783	622784	622785	624107	624108	624109	624110	624111	624112	624113	624114	624115	625437	625438	625439	625440	625441	625442	625443	625444	625445	625446
159378	204258	110.62	159378	160698	162018	163338	164658	164657	165977	165976	167296	168616	169936	171256	172577	173897	173896	173895	173894	175214	176534	177855	179176	180496	181817	183138	184458	185778	187098	188418	189738	191059	192379	193699	195019	196339	197659	198979	200300	201620	201619	201618	202938	204258
616154	583060	158.37	616154	614832	614831	614830	614829	613507	613506	613505	612183	610861	609539	609538	609537	609536	609535	608213	608212	608211	606889	606888	606887	605565	605564	605563	605562	605561	605560	604238	602916	602915	602914	602913	601591	600269	600268	598946	598945	597623	597622	596300	596299	594977	594976	594975	594974	594973	593651	592329	592328	592327	592326	591005	591004	591003	589681	589680	589679	588357	588356	587034	587033	587032	587031	585709	585708	585707	584385	583063	583062	583061	583060
649437	648114	23.35	649437	649436	648114
575067	575071	4.800000000000001	575067	575068	575069	575070	575071
451333	436779	40.85	451333	451332	450010	450009	448687	447365	447364	446042	444720	444719	443397	443396	443395	443394	443393	442071	442070	440748	440747	439425	438103	436781	436780	436779
451333	191083	496.15	451333	450012	448691	447371	446050	444729	443408	442087	440766	439444	438123	436801	435480	434160	432840	431519	430198	428877	427557	426236	424915	423594	422273	420952	419631	418310	416989	415668	414347	413026	411705	410384	409063	407742	406422	405101	403780	402459	401138	399817	398496	397175	395854	394533	393212	391891	390570	389249	387928	386607	385286	383965	382644	381324	380002	378681	377360	376039	374718	373397	372076	370756	369435	368115	366794	365473	364153	362832	361511	360190	358868	357547	356226	354905	353584	352263	350942	349621	348300	346978	345657	344335	343013	341692	340371	339049	337728	336408	335087	333766	332444	331123	329801	328480	327159	325838	324517	323196	321875	320554	319233	317912	316591	315270	313949	312628	311307	309986	308665	307343	306021	304699	303377	302055	300733	299412	298091	296770	295449	294128	292807	291486	290165	288844	287523	286202	284881	283560	282239	280918	279597	278276	276954	275633	274312	272991	271670	270349	269028	267707	266386	265065	263744	262424	261103	259782	258460	257139	255818	254497	253176	251855	250534	249213	247892	246570	245249	243928	242607	241286	239964	238642	237320	235998	234677	233356	232035	230715	229393	228072	226751	225430	224108	222786	221465	220144	218823	217501	216180	214859	213538	212217	210896	209575	208254	206933	205612	204291	202970	201649	200329	199008	197687	196367	195046	193725	192404	191083
246347	625446	714.99	246347	247667	248988	250309	251629	252950	254271	255592	256913	258234	259555	260875	262195	263516	264837	266158	267479	268800	270121	271442	272763	274084	275404	276725	278046	279367	280688	282008	283329	284650	285971	287291	288611	289931	291252	292573	293893	295213	296533	297854	299175	300496	301817	303138	304459	305780	307101	308422	309743	311064	312385	313706	315027	316347	317668	318988	320309	321630	322951	324272	325593	326914	328235	329556	330877	332198	333519	334840	336161	337482	338803	340124	341445	342766	344087	345408	346729	348050	349372	350694	352015	353336	354658	355979	357299	358620	359941	361262	362583	363905	365226	366547	367868	369189	370510	371831	373153	374474	375794	377115	378436	379757	381078	382398	383719	385039	386360	387681	389002	390324	391645	392966	394287	395609	396930	398251	399572	400893	402214	403535	404857	406179	407500	408821	410142	411463	412784	414106	415427	416748	418069	419390	420711	422032	423353	424674	425994	427314	428634	429954	431274	432594	433915	435236	436557	437877	439197	440518	441839	443160	444481	445802	447123	448443	449764	451084	452406	453727	455048	456369	457690	459011	460332	461653	462975	464296	465617	466938	468259	469580	470901	472222	473543	474864	476185	477506	478827	480148	481469	482790	484110	485430	486751	488071	489391	490712	492033	493354	494675	495996	497317	498638	499959	501280	502601	503922	505243	506564	507885	509206	510527	511848	513169	514490	515811	517132	518453	519774	521095	522416	523737	525057	526378	527698	529019	530340	531661	532982	534304	535625	536946	538267	539588	540909	542230	543551	544872	546193	547514	548835	550156	551477	552798	554120	555441	556762	558083	559404	560725	562046	563367	564687	566008	567328	568649	569970	571291	572612	573933	575254	576575	577896	579217	580538	581859	583180	584501	585822	587143	588465	589786	591107	592428	593749	595070	596391	597712	599033	600354	601675	602996	604316	605637	606958	608279	609600	610921	612242	613562	614882	616202	617522	618842	620163	621484	622805	624126	625446
287633	191083	253.77	287633	287632	287631	287630	287629	287628	288948	288947	288946	288945	288944	290264	290263	290262	290261	290260	290259	290258	290257	290256	290255	291575	290254	288932	287611	286289	284967	283645	282323	281001	279679	279678	278356	277034	275712	274390	273068	271746	270424	270423	269101	267779	266457	266456	265134	265133	263811	262489	261167	259845	259844	258522	257200	257199	255877	254555	254554	253232	251910	251909	250587	250586	250585	249263	247941	246619	246618	245296	243974	242652	241330	240008	238686	238685	237363	236041	234719	233397	232076	230754	229433	228111	226789	225467	224145	222824	221502	220180	218858	218857	218856	217534	217533	218853	218852	218851	218850	218849	218848	218847	218846	218845	218844	218843	218842	217520	217519	217518	216196	214874	213552	212230	210908	209586	208265	206943	205622	204300	202978	201656	200334	199012	197691	196370	195050	193729	192407	192406	192405	191083
156740	191083	69.66	156740	158060	159380	160702	162022	163343	164663	165985	167306	168626	169946	171267	172588	173909	175230	176551	177872	179193	180515	181836	183157	184477	185798	187119	188441	189762	191083
99895	116956	240.33999999999995	99895	99894	99893	99892	99891	99890	99889	99888	99887	99886	101206	101205	101204	101203	101202	101201	101200	101199	101198	102518	103838	103837	103836	103835	103834	103833	105153	105152	105151	105150	105149	105148	105147	105146	105145	105144	105143	105142	106462	106461	106460	106459	106458	107778	107777	107776	107775	107774	107773	109093	109092	109091	109090	109089	109088	109087	109086	109085	110405	110404	110403	110402	110401	110400	110399	110398	110397	110396	110395	110394	110393	110392	110391	110390	110389	110388	110387	109065	109064	109063	109062	109061	109060	110380	110379	110378	110377	110376	110375	110374	110373	110372	110371	110370	111690	113010	114330	115650	116970	116969	116968	116967	116966	116965	116964	116963	116962	116961	116960	116959	116958	116957	116956
592255	575071	39.24999999999999	592255	590934	589612	588291	586969	585647	584325	583003	581681	580359	579037	577715	576393	575071
323100	205578	231.97	323100	321780	320460	320461	319141	317821	316501	315181	313861	312541	311221	309901	308581	309903	309904	308584	307263	305942	304620	303299	301979	300659	299339	298018	296697	295377	294057	292736	291416	290096	288776	287456	286136	284816	284817	283497	282176	280856	279536	279537	278217	276897	276898	276899	276900	275580	274259	272939	271619	270299	268979	268980	268981	267661	266341	265021	263701	262381	261061	259740	258419	257099	255778	254457	253136	251815	250495	249175	247854	246533	245213	243891	242569	241248	239926	238604	237283	235962	234640	233318	231997	230676	229355	228034	226713	225392	224071	222751	221430	220109	218788	217467	216146	214825	213504	212183	210862	209541	208221	206900	205578
116943	116944	1.92	116944	116943
116944	116956	23.97	116944	116945	116946	116947	116948	116949	116950	116951	116952	116953	116954	116955	116956
575067	576375	20.48	575067	576387	576386	576385	576384	576383	576382	576381	576380	576379	576378	577698	577697	576375
674101	674100	1.8	674101	674100
159378	156740	10.469999999999999	159378	158058	156738	156739	156740
635744	663526	169.72	635744	635745	635746	637068	637069	637070	637071	637072	637073	638395	639717	641039	642361	643683	645005	646327	647649	648971	650293	651615	652937	654259	655581	656903	658225	659547	660869	662191	662192	662193	662194	662195	662196	662197	662198	662199	662200	662201	662202	662203	662204	663526
635744	614547	129.76999999999998	635744	635743	635742	634420	634419	634418	634417	634416	634415	633093	631771	631770	630448	629126	629125	627803	626481	626480	626479	626478	625156	625155	625154	625153	625152	625151	625150	623828	622506	622505	622504	622503	622502	622501	622500	622499	622498	622497	622496	622495	622494	621172	619850	618528	618527	617205	615883	614561	613239	613238	613237	613236	613235	613234	613233	613232	613231	613230	613229	614549	614548	614547
664847	667491	6.12	664847	666169	667491
637387	711424	207.6	637387	638709	640031	641353	642675	643997	645319	645320	646642	647964	649286	649287	649288	650609	651931	653253	654575	655897	657219	658541	659863	661185	662507	663829	665151	666473	667795	669117	670439	671761	673083	674405	675727	677049	678371	678372	679694	681016	682338	683658	684979	686301	687623	688945	690267	691589	692911	694233	694234	694235	694236	694237	694238	695560	696882	696883	696884	698206	699528	700850	702172	703494	704816	706138	707460	708782	710103	711423	711424
209527	205578	43.44	209527	209528	208208	208209	206889	206890	206891	206892	206893	206894	206895	206896	206897	205577	205578
239737	241059	4.5	239737	241059
118263	116943	14.29	116943	118263
593579	592255	37.510000000000005	593579	592257	592256	592255
323100	436779	211.55	323100	324420	325740	327061	328382	329703	331024	332345	333666	334987	336308	337629	338950	340271	341593	342914	344235	345556	346877	348197	349518	350839	352160	353481	354802	356123	357445	358766	360087	361409	362731	364053	365375	366697	368019	369341	370663	371984	373306	374627	375949	377271	378593	379915	381237	382559	383881	385203	386525	386526	387848	389170	390492	391814	393136	394457	395779	395780	397102	398424	399746	399747	401069	402391	403713	403714	405036	406358	407680	407681	407682	409004	410326	410327	410328	411650	412972	414294	414295	415617	415618	415619	416941	418263	419585	419586	419587	420909	420910	422232	422233	423555	424877	424878	426200	426201	427523	427524	428846	430168	431490	432812	432813	434135	435457	436779
668810	664847	28.26	668810	667489	666168	664847
660008	657366	2.9299999999999997	660008	658687	657366
625446	626768	1.77	626768	625446
235929	213487	49.2	235929	234609	234610	233290	233291	231971	230651	229331	228011	226691	225371	224051	222730	221410	220089	218768	217447	216127	214807	213487
103858	99895	11.08	103858	102536	101216	99895
103858	132919	55.21000000000001	103858	105179	106500	107821	109142	110463	111784	113105	114426	115747	117068	118389	119710	121031	122352	123673	124993	126314	127635	128956	130277	131598	132919
99895	267994	791.8900000000001	99895	99896	98576	98577	99899	99900	99901	101223	101224	101225	101226	101227	99907	99908	99909	99910	98590	98591	97271	95950	94629	93309	93310	91990	91991	91992	90672	90673	90674	90675	89355	89356	88036	88037	88038	88039	88040	86720	86721	85401	85402	85403	84083	84084	84085	84086	84087	85409	85410	85411	86733	86734	86735	86736	86737	86738	86739	85419	85420	85421	85422	85423	85424	85425	85426	85427	85428	85429	85430	85431	85432	85433	85434	85435	85436	85437	85438	85439	85440	85441	85442	85443	85444	85445	85446	85447	85448	85449	86771	88093	88094	89416	90738	92060	93382	93383	94705	96027	97349	98671	99993	101315	102637	103959	105281	105282	105283	106605	107927	107928	109250	110572	110573	109253	110575	111897	113219	114540	115862	117183	118505	119827	121149	122470	123792	125114	125115	125116	126438	127760	127761	129083	130405	130406	131728	133050	133051	134373	135695	135696	135697	137019	138341	138342	138343	138344	138345	138346	139668	139669	140991	140992	140993	140994	142316	142317	142318	142319	142320	142321	141001	141002	141003	139683	139684	141006	142328	143650	143651	143652	143653	143654	143655	143656	143657	143658	143659	143660	143661	143662	143663	143664	143665	143666	143667	144989	144990	144991	146313	147635	148957	150279	151601	152923	152924	152925	154247	154248	155570	155571	155572	155573	155574	155575	155576	155577	155578	156900	156901	156902	158224	158225	158226	159548	160870	162192	163514	164836	164837	166159	167481	168803	170125	170126	171448	171449	171450	171451	171452	171453	171454	171455	171456	171457	171458	171459	171460	172782	174104	174105	175427	176749	176750	178072	179394	180716	182038	183360	184682	186004	186005	186006	186007	186008	186009	186010	187332	187333	187334	188656	189978	191300	191301	191302	192624	193946	193947	195269	196591	197913	199235	200557	201879	203201	204523	205845	205846	205847	205848	205849	207171	207172	208494	208495	208496	208497	208498	209820	211142	212464	213786	215108	216430	217752	219074	220396	221718	223040	223041	224363	225685	227007	227008	228330	229652	230974	232296	233617	234939	236261	237582	238904	240226	241547	242869	242870	244192	245514	245515	245516	245517	246839	246840	248162	249484	250806	252128	253450	254772	254773	256095	257417	258738	260060	261382	262704	264026	265348	265349	265350	266672	267994
593579	593584	43.67	593579	593580	593581	593582	593583	593584
594892	592255	11.440000000000001	594892	594893	594894	594895	593575	592255
412096	414746	52.45	412096	412097	412098	410778	410779	410780	412102	413424	413425	414746
110295	176239	268.11	110295	110294	110293	110292	110291	110290	110289	110288	110287	110286	110285	110284	110283	108961	108960	108959	108958	108957	108956	108955	108954	108953	108952	108951	108950	108949	108948	108947	108946	108945	108944	108943	108942	108941	108940	108939	108938	108937	110257	110256	110255	111575	112895	112894	112893	112892	112891	114211	114210	114209	115529	116849	116848	116847	116846	116845	118165	118164	118163	118162	118161	118160	118159	118158	118157	118156	118155	119475	120795	122115	123435	124755	124754	126074	127394	128714	130034	130033	131353	131352	132672	133992	135312	135311	135310	136630	136629	137949	137948	139268	139267	139266	139265	139264	139263	140583	141903	143223	143222	144542	145862	145861	147181	148501	149821	151141	152462	153783	155104	156425	157746	159067	160388	161709	163030	164351	165671	166992	168313	169634	170955	172276	173596	174917	176239
412096	480732	237.88	412096	413416	414736	416057	417378	418698	420019	421339	421338	421337	422657	423977	425297	425296	426616	427936	429257	430577	431897	433217	434538	435859	437179	438499	439819	441139	442460	443781	445102	446424	447744	447743	449064	450384	451704	453024	453023	453022	451700	451699	451698	453018	454338	455658	456978	458298	459618	460938	462258	463578	464898	466219	467539	468859	470179	471499	472819	474139	475459	476779	476778	476777	478097	479417	479416	479415	479414	479413	480733	480732
637387	665232	217.70000000000002	637387	637388	637389	637390	638712	640034	641356	642678	642679	642680	642681	642682	642683	641363	640043	640044	640045	640046	640047	640048	641370	641371	641372	641373	642695	642696	644018	645340	645341	644021	644022	644023	644024	645346	645347	645348	645349	645350	645351	646673	646674	647996	649318	649319	649320	649321	649322	648002	649324	649325	649326	650648	650649	651971	651972	653294	653295	653296	653297	653298	653299	653300	654622	654623	655945	655946	655947	655948	657270	657271	657272	657273	658595	658596	658597	659919	661241	659921	659922	661244	662566	663888	665210	665211	665212	665213	665214	665215	665216	663896	663897	662577	662578	662579	662580	662581	663903	665225	666547	666548	666549	666550	666551	665231	665232
412096	267994	264.55000000000007	412096	410774	409452	409451	409450	409449	409448	409447	408125	406805	405483	404162	402841	401520	400199	398878	397557	396236	394914	393592	392270	392269	390947	389625	388304	386983	385661	385660	384338	383017	381695	380374	379052	377731	376409	375087	375086	373765	372443	371122	369800	368478	367156	365834	364512	363190	361868	360546	359224	357902	356580	355258	353936	353935	352613	351292	351291	349969	348647	347325	346003	344681	343359	342037	340715	339393	338071	338070	336748	335426	334104	332782	331460	330138	330137	330136	328814	327492	326170	324848	323526	323525	322203	320881	319559	318237	316915	315593	314271	314270	312948	312947	311625	310303	308981	307659	306337	305015	303693	302371	301049	301048	299726	298404	297082	295760	295759	294437	294436	293114	291793	290471	289149	289148	287826	286504	285182	285181	283859	282537	281215	279893	278571	278570	277248	275926	274604	273282	271960	270638	269316	267994
533980	490287	229.33	533980	532658	531337	530016	528694	527373	526051	524730	523409	522087	520766	519444	519443	519442	519441	519440	519439	519438	519437	519436	518114	516792	515470	514148	514147	512825	512824	511502	511501	511500	512820	512819	512818	512817	512816	511494	511493	511492	511491	510169	510168	510167	508845	507524	506202	506201	506200	506199	506198	506197	506196	507516	507515	507514	507513	508833	508832	508831	510151	510150	510149	510148	508826	508825	507503	506181	504859	503538	502216	500894	499572	498250	496928	495606	494284	494283	494282	494281	494280	494279	494278	494277	494276	494275	494274	494273	494272	494271	494270	494269	494268	494267	494266	494265	494264	494263	494262	492940	492939	492938	492937	492936	492935	492934	492933	491611	491610	490288	490287
247669	235929	281.54999999999995	247669	248991	248992	248993	248994	248995	250317	251639	251640	251641	252963	254285	254286	254287	254288	255610	256932	258254	258255	258256	256936	258258	259580	259581	259582	259583	260905	262227	263549	263550	263551	263552	263553	263554	264876	264877	266199	267521	268843	270165	270166	271488	272810	272811	272812	272813	274135	275457	276779	278101	278102	279424	279425	279426	279427	279428	279429	279430	278110	276790	276791	276792	275472	274152	274153	274154	272834	272835	272836	271516	271517	270197	270198	268878	268879	268880	267560	267561	267562	266242	266243	266244	266245	264925	264926	264927	263607	263608	263609	262289	262290	262291	262292	260972	260973	260974	259654	259655	258335	258336	257016	257017	255697	255698	254378	253058	253059	253060	253061	251741	251742	251743	250423	250424	250425	249105	249106	247786	247787	247788	246468	246469	246470	245150	245151	245152	243832	243833	243834	243835	242515	242516	242517	242518	241198	241199	239879	239880	239881	239882	238562	238563	238564	238565	237245	237246	235926	235927	235928	235929
572410	533980	266.42	572410	572409	572408	572407	571085	569763	569762	568440	567118	565796	565795	564473	563151	561829	560507	559185	559184	557862	556540	556539	556538	555216	553894	552572	552571	552570	551248	549926	549925	548603	547281	547280	547279	547278	548598	548597	548596	548595	548594	548593	548592	548591	548590	548589	548588	548587	548586	548585	548584	548583	548582	548581	548580	547258	547257	547256	545934	544612	543290	543289	541967	541966	541965	541964	540642	539320	539319	539318	537996	537995	537994	536672	535350	534028	534027	532705	532704	531382	530060	530059	530058	530057	530056	530055	530054	530053	530052	530051	530050	531370	531369	531368	531367	531366	531365	531364	531363	531362	531361	531360	531359	531358	531357	531356	532676	532675	532674	533994	535314	535313	535312	533990	533989	533988	533987	532665	532664	532663	532662	533982	533981	533980
223815	243694	160.45	223815	225137	225138	226460	227782	229104	230426	231748	233070	234392	235714	237036	238358	239680	241002	242324	242325	242326	243648	244970	246292	246293	247615	248937	248938	248939	248940	247620	246300	246301	244981	243661	243662	243663	243664	243665	243666	243667	243668	243669	243670	243671	243672	243673	243674	243675	243676	243677	243678	243679	243680	243681	243682	243683	243684	243685	243686	243687	243688	243689	243690	243691	243692	243693	243694
594899	593579	12.2	594899	593579
668810	667491	26.499999999999996	668810	668811	667491
525352	630964	258.21000000000004	525352	526672	526671	527991	527990	527989	527988	527987	527986	527985	529305	530625	531945	533265	534585	535905	537225	538545	539865	541185	542505	543825	545146	546466	547786	547785	549105	550425	551745	553065	554385	555705	557025	558345	559665	560985	562305	563625	564945	566265	567585	568905	570226	571546	572867	574187	575508	576828	578148	579468	580788	582108	583428	584748	586068	587388	588708	590028	591348	592668	593988	595308	596628	597948	599268	600588	601909	603230	604551	605873	607194	608516	609837	611158	612480	613800	615120	616440	617760	619080	620400	621720	623040	624360	625681	627002	628323	629644	630964
204258	132919	133.61	204258	202937	201616	200295	198973	197652	196332	195011	193690	192369	191048	189727	188406	187085	185764	184443	183122	181800	180479	179158	177837	176517	175196	173874	172554	171233	169912	168591	167270	165949	164628	163307	161986	160665	159344	158023	156702	155381	154059	152738	151417	150096	148775	147453	146132	144811	143490	142169	140847	139526	138205	136884	135562	134240	132919
241059	243694	22.43	241059	241058	241057	242377	242376	243696	243695	243694
622777	632017	28.439999999999998	622777	624097	625417	626737	628057	629377	630697	632017
646375	674101	66.92999999999998	646375	647697	649018	650339	651659	652979	654299	655619	656939	658260	659580	660900	662221	663541	664861	666181	667501	668821	670141	671461	672781	674101
176239	177561	4.3100000000000005	176239	177561
583060	655750	152.37	583060	584382	585703	587024	588346	589667	590988	592310	593632	594954	596276	597598	598919	600240	601562	602884	604206	605528	606850	608172	609494	609495	610817	612139	613461	614783	616104	617426	618748	620069	621390	622711	624033	625355	626677	627999	629321	630643	631965	633287	634609	635931	637253	638575	639896	641217	642537	643858	645180	646501	647823	649145	650466	651787	653107	654429	655750
665007	655750	47.39999999999999	665007	663685	662363	662362	661040	659718	659717	659716	658394	657072	655750
525352	451333	144.97	525352	524030	524029	524028	524027	522705	521383	521382	520060	518738	518737	517415	516093	514771	513450	512128	510807	509486	508164	506843	505522	504200	504199	502877	501557	500236	498915	497593	496272	494950	493629	492308	490987	489665	488344	487022	485700	484379	484378	483056	481735	480413	479092	477770	476448	475126	473805	472483	471161	469839	468517	467196	465875	464553	463231	461909	460587	459265	457943	456621	455299	453977	452655	451333
622777	616154	35.28	622777	622776	621454	621453	621452	621451	621450	621449	621448	620126	620125	618803	618802	618801	618800	617478	617477	616155	616154
668810	635744	176.0	668810	670130	670129	670128	670127	670126	670125	670124	670123	670122	670121	671441	671440	670118	668796	667474	666152	664830	664829	663507	663506	662184	660862	659540	658218	656896	655574	654252	652930	651608	650286	648964	647642	646320	644998	643676	642354	641032	639710	638388	637066	635744
549021	247669	661.34	549021	547700	546380	545059	543738	542417	541096	539774	538453	537131	535809	534487	533165	531843	530521	529199	527877	526555	525234	523912	522590	521269	519948	518627	517306	515985	514664	513342	512020	510698	509377	508055	506733	505411	504089	502767	501445	500123	498802	497480	496158	494836	493514	492192	490870	489549	488228	488227	486905	485583	484262	482940	481618	480297	478975	477654	476332	475010	473689	472368	471047	469726	468405	467084	465763	464442	463121	461800	460479	459157	457835	456514	455192	453871	452550	451228	449906	448585	447264	445942	444620	443298	441976	440654	439332	438010	436689	435367	434045	432723	431401	430079	428757	427435	426114	424793	423471	422149	420827	419505	418183	416861	415539	414218	412896	411575	410254	408933	407612	406290	404968	403646	402325	401004	399683	398362	397041	395720	394398	393076	391754	390432	389110	387788	386466	385144	383822	382501	381179	379857	378535	377213	375891	374569	374568	373246	371924	370602	369281	367959	366638	365317	363995	362673	361351	360029	358707	357385	357384	356062	354740	353418	352096	350774	349453	348131	346809	345487	344165	342843	342842	342841	341519	341518	340196	338874	337552	336230	334908	333586	332264	330942	329620	329619	328297	326975	325653	324331	323009	321687	320365	319043	317722	316400	315078	313756	312434	311113	309792	308471	307149	305827	304505	303183	301861	300539	299217	297895	296573	295251	295250	293928	292606	291284	289962	288640	287318	285996	284674	283352	282030	280709	279387	278065	276743	275422	274100	272778	271456	270134	268812	267490	266168	264846	263524	262203	260882	259560	258238	256916	255594	254273	252952	251631	250310	248990	247669
657366	630964	62.49	657366	656046	654726	653406	652086	650766	649446	648126	646806	645486	644166	642846	641526	641527	640206	638885	637565	636245	634924	633604	632284	630964
661328	660008	1.91	661328	660008
660008	661330	1.91	660008	661330
156740	148825	165.22	156740	155420	154100	152779	151459	150139	148819	148820	148821	148822	147502	147503	148825
506013	602500	234.48999999999998	506013	506014	506015	506016	506017	507339	507340	508662	508663	509985	511307	512629	513950	515271	516593	516594	517916	519238	520559	521881	523203	524525	525847	527169	528491	529813	531135	532457	533779	535101	536423	537745	539067	540389	541711	543033	544354	545676	546997	548319	549640	550962	552283	553604	554925	556247	557568	558889	560210	561531	562852	564173	565494	566815	568136	569457	570778	572100	573422	574744	574745	576067	577389	578711	580033	581355	582677	583999	585320	586641	587962	589284	590605	591927	593248	594570	595892	597214	598536	599858	601179	602500
223815	180205	88.6	223815	222494	221173	219851	218530	217208	215886	215885	214563	213242	211920	210599	209279	207958	206636	205314	205313	203991	202669	201348	200027	198705	197384	196063	194741	193420	192098	190776	189454	188133	186811	185490	184168	182847	181526	180205
223815	180220	84.28	223815	222495	221174	219853	218532	217212	215891	214570	213249	211928	210607	209286	207965	206644	205324	204003	202682	201361	200040	198720	197399	196077	194755	193435	192113	190791	189469	188148	186827	185506	184185	182864	181542	180220
581660	576375	7.56	581660	580338	579017	577696	576375
539184	602500	194.68000000000006	539184	540504	541824	541823	541822	541821	541820	541819	541818	541817	543137	544458	545778	547099	548419	549740	551061	552381	553702	555022	556342	555020	555019	555018	555017	556337	556336	556335	556334	556333	556332	556331	556330	556329	556328	556327	556326	556325	556324	556323	557643	558963	560283	561603	561602	561601	562921	564241	564240	565560	565559	565558	566878	568198	569518	569517	569516	570836	570835	570834	572154	572153	572152	572151	572150	573470	574791	576111	576110	576109	577429	577428	577427	578747	580067	581387	582707	582706	582705	584025	585345	586665	586664	587984	589304	590624	590623	591943	593263	591941	591940	591939	593259	594580	595900	597220	598540	599860	601180	602500
690990	614547	489.90999999999997	690990	690991	690992	689672	690994	690995	690996	689676	688356	687036	687037	685717	684397	684398	683078	683079	683080	681760	680440	679120	677800	676480	676481	675161	673840	672520	671200	669880	668560	667240	665919	664599	663279	661958	660637	659317	657997	656677	655357	654037	652717	651397	650076	648756	648757	648758	648759	648760	648761	648762	647442	647443	646123	646124	646125	646126	644806	644807	643487	643488	642168	642169	640849	640850	640851	640852	640853	640854	640855	639535	639536	639537	639538	639539	639540	639541	639542	639543	639544	639545	638225	638226	638227	638228	638229	638230	636910	635590	635591	635592	635593	635594	635595	634275	634276	632955	632956	632957	632958	632959	631639	632961	632962	632963	632964	632965	632966	632967	632968	632969	631649	631650	631651	631652	630331	629010	627690	626370	625050	623730	622410	621090	621091	621092	621093	621094	621095	621096	621097	621098	621099	622421	623743	623744	623745	623746	623747	623748	623749	623750	623751	623752	622432	621112	621113	621114	621115	621116	621117	621118	621119	619799	618479	618480	618481	619803	619804	619805	619806	618486	618487	618488	618489	618490	617170	617171	615851	615852	617174	618496	618497	618498	618499	618500	617180	617181	617182	617183	617184	615864	615865	615866	615867	614547
575071	583060	171.72	575071	575072	575073	573753	573754	573755	573756	573757	573758	573759	573760	573761	573762	573763	573764	573765	572445	572446	572447	572448	572449	572450	572451	572452	572453	572454	572455	572456	572457	572458	571138	571139	571140	571141	571142	571143	571144	571145	571146	571147	571148	571149	571150	572472	573794	573795	573796	573797	575119	576441	576442	576443	577765	577766	577767	579089	579090	579091	580413	580414	580415	581737	581738	583060
423137	243694	518.71	423137	423138	421818	421819	420499	420500	420501	419181	419182	419183	417863	417864	417865	416545	416546	415226	415227	415228	413908	412588	412589	412590	412591	411271	411272	409952	409953	409954	409955	411277	412599	412600	412601	412602	412603	411283	409963	408643	407323	406002	404682	404683	404684	404685	404686	403366	402046	400726	400727	400728	399408	398088	398089	398090	396770	396771	395451	395452	395453	394133	394134	392814	392815	392816	391496	391497	391498	391499	390179	390180	390181	390182	390183	390184	388864	387544	386224	384904	384905	384906	383586	383587	383588	383589	383590	382270	380950	380951	380952	379632	378312	378313	376993	375673	374353	373033	373034	371714	370394	370395	370396	370397	370398	370399	370400	370401	371723	371724	371725	371726	370406	369086	369087	369088	369089	367769	366449	365129	363809	363810	362490	362491	361171	361172	359852	359853	358533	358534	357214	355894	355895	355896	355897	354577	354578	353258	353259	353260	353261	351941	351942	351943	350623	350624	350625	349305	349306	349307	349308	349309	347989	346669	345349	344029	342708	341387	340066	338746	337426	336106	334786	333465	332145	330825	329505	328185	326865	325545	324225	322905	321584	320263	318942	317622	316301	314981	313661	312340	311020	311021	309701	308381	307061	305741	304421	303101	301781	300461	300462	299142	297822	296502	295182	293862	292542	291222	289902	288582	288583	287263	285943	284622	283302	281982	280662	279342	278022	276702	275382	274062	272742	271422	270102	268782	267462	266142	264822	263502	262181	260861	259540	258219	256899	255578	254257	252937	251616	250296	248975	247655	246334	245014	243694
594892	629202	101.69	594892	594891	596211	596210	596209	597529	598849	600169	601489	602809	602808	604128	605448	605447	605446	605445	606765	608085	608084	609404	610724	610723	612043	613363	614683	614682	616002	617322	617321	618641	619961	621281	622601	623922	625242	626562	627882	629202
632017	641280	52.34	632017	632018	633340	634662	634663	634664	635986	635987	635988	635989	635990	635991	637313	637314	638636	639958	641280
525352	518787	75.99	525352	524032	524033	522713	521393	520073	520074	518754	517434	517435	517436	517437	517438	517439	517440	517441	517442	517443	517444	517445	517446	517447	517448	517449	517450	517451	518773	518774	518775	518776	518777	518778	518779	518780	518781	518782	518783	518784	518785	518786	518787
661330	661328	2.5	661330	661329	661328
665007	641280	200.22000000000003	665007	666329	667651	667652	667653	667654	667655	667656	667657	667658	666338	666339	666340	666341	666342	666343	666344	665024	665025	665026	665027	663707	662387	662388	662389	661069	659749	658429	658430	658431	657111	655791	655792	654472	654473	654474	654475	654476	654477	653157	653158	651838	650518	650519	650520	649200	649201	649202	647882	646562	645242	645243	643921	642601	641280
594892	580341	71.70999999999998	594892	593570	592248	590926	589604	588282	588281	588280	588279	586957	585635	585634	585633	584311	582989	582988	582987	581665	581664	581663	580341
110295	180220	233.9	110295	111615	111614	112934	114254	115574	116894	116893	116892	116891	116890	116889	116888	118208	118207	119527	120847	122167	123487	123486	123485	124805	124804	124803	124802	124801	124800	124799	126119	126118	126117	126116	127436	128756	130076	131396	132716	134036	135356	136676	137996	139316	140636	141956	143276	144596	145916	147236	148556	149876	151196	152516	152515	152514	152513	152512	152511	153831	155151	156471	157791	159112	160432	161752	163072	164392	165712	165711	167031	168351	169671	170991	172311	173631	173630	173629	173628	173627	173626	173625	174945	176265	177585	177584	177583	178903	178902	178901	178900	180220
544480	614547	167.75	544480	545802	547124	548446	549768	551090	552412	553734	553735	555057	556379	557701	557702	557703	557704	559026	560348	561670	562992	564314	565636	566958	568279	569601	570923	572245	573567	573568	574890	576212	577534	578856	580178	581500	581501	582823	582824	584145	585466	586788	588110	589432	590754	592076	593398	594720	596041	597363	598684	600005	601326	602647	603969	605291	606613	607935	609257	610579	611901	613223	613224	613225	614547
448928	480732	213.19000000000003	448928	448929	450251	450252	450253	451575	451576	452898	452899	454221	454222	454223	455545	455546	455547	456869	456870	458192	458193	458194	459516	459517	459518	460840	462162	462163	462164	462165	463487	463488	463489	464811	464812	464813	466135	466136	466137	466138	467460	466140	467462	468783	468784	468785	470107	470108	470109	471431	471432	471433	472755	472756	474078	474079	475401	475402	476724	476725	478047	478048	479370	480692	482014	482015	482016	482017	480697	480698	480699	480700	480701	480702	480703	482025	482026	480706	479386	479387	478067	478068	478069	478070	476750	476751	476752	475432	474112	472792	471472	471473	471474	472796	474118	475440	476762	478084	479406	480728	480729	480730	480731	480732
241059	246347	12.68	241059	242381	243703	245025	246347
649437	657366	14.0	649437	650759	652081	653403	654724	656045	657366
116944	239737	283.19	116944	118266	119588	120909	122231	123553	124874	126195	127517	128837	130157	131477	131476	131475	132795	132794	132793	134113	135433	136753	138073	139393	140713	140712	140711	140710	142030	143350	143349	143348	144668	144667	144666	144665	144664	144663	145983	147303	147302	147301	147300	148620	149941	151262	152582	153903	155224	156545	157865	159186	160506	161826	163146	164466	165786	167107	168427	169748	171068	172388	173708	175028	176348	177668	177667	178987	180307	181627	182947	182946	184266	185586	186906	188227	189548	190869	192190	193511	194832	196152	197473	198794	200115	201435	202755	204075	205395	206715	208035	209356	210677	211998	213319	214640	215961	217282	218603	219923	221244	222565	223886	225207	226527	227847	229168	230488	231810	233132	234453	235774	237095	238417	239738	239737
556556	423137	173.29	556556	555234	553913	552592	551271	549950	548629	547308	545986	544666	543345	542024	540702	539381	538060	536739	535418	534097	532776	531455	530134	528813	527492	526171	524850	523529	522208	520887	519566	518245	516924	515602	514281	512960	511639	510318	508997	507676	506355	505034	503713	502392	501071	499750	498429	497108	495786	494465	493144	491823	490502	489181	487860	486539	485218	483897	482576	481255	479934	478613	477291	475970	474649	473328	472007	470686	469365	468044	466723	465402	464081	462760	461438	460117	458796	457475	456154	454833	453512	452191	450870	449548	448227	446906	445585	444264	442943	441621	440300	438979	437658	436337	435016	433695	432374	431052	429731	428411	427091	427092	425772	425773	425774	425775	424455	424456	424457	423137
662626	661328	56.269999999999996	662626	663948	663949	662629	662630	662631	662632	662633	662634	662635	662636	663958	662638	662639	662640	662641	662642	661322	661323	661324	661325	661326	661327	661328
593584	583060	162.78	593584	593585	593586	593587	593588	593589	593590	593591	593592	593593	593594	593595	592275	590955	589635	589636	589637	589638	589639	589640	589641	589642	589643	589644	589645	589646	589647	589648	589649	589650	588330	588331	588332	588333	587013	587014	585694	585695	584375	584376	584377	584378	584379	583059	583060
209527	213487	9.12	209527	210847	212167	213487
533980	544480	139.17	533980	533979	533978	533977	532655	531333	531332	531331	531330	531329	531328	531327	531326	531325	531324	531323	531322	531321	531320	531319	531318	531317	531316	531315	531314	531313	532633	533953	535273	536593	536592	536591	536590	536589	536588	536587	537907	537906	537905	537904	537903	537902	537901	537900	537899	537898	537897	539217	539216	539215	540535	541855	541854	541853	541852	541851	541850	541849	543169	543168	543167	543166	543165	543164	543163	544483	544482	544481	544480
177561	180205	6.279999999999999	177561	178883	180205
423137	213195	455.5	423137	421817	420497	419176	417856	416536	415215	413895	412575	411255	409934	408613	407293	405973	404653	403333	402013	400692	399372	398052	396731	395410	394090	392770	391450	390130	388810	387490	386170	384849	383529	382209	380888	379568	378248	376928	375608	374287	372966	371645	370325	369005	367684	366363	365042	363721	362400	361079	359759	358438	357118	355798	354477	353156	351836	350515	349194	347873	346552	345231	343910	342589	341268	339946	338624	337304	335983	334662	333341	332021	330701	329381	328060	326740	325420	324100	322780	321460	320139	318818	317498	316178	314857	313536	312215	310894	309574	308254	306934	305613	304293	302972	301651	300330	299009	297688	296367	295046	293725	292405	291084	289763	288442	287121	285800	284480	283160	281839	280518	279197	277876	276556	275236	273916	272596	271276	269956	268636	267316	265996	264676	263355	262035	260715	259395	258075	256755	255435	254114	252793	251473	250153	248833	247513	246193	244873	243553	242233	240913	239592	238272	236952	235632	234312	232991	231669	230349	230350	230351	229031	227711	227712	226392	225072	225073	225074	223754	222434	221114	219794	218474	217154	215834	214514	213194	213195
213195	177561	93.86	213195	213196	213197	213198	211878	210558	209238	207918	206598	205278	203958	202638	202639	202640	202641	201321	200001	198681	198682	197362	196042	194722	193402	192082	190762	189442	188122	186802	185482	184162	182842	181522	180202	178881	177561
507333	506013	3.1	506013	507333
629202	646375	18.54	629202	630523	631844	633165	634486	635807	637128	638449	639770	641091	642412	643733	645054	646375
110295	116943	115.23000000000002	110295	108975	108976	108977	108978	107658	107659	106339	105019	105020	105021	105022	105023	105024	105025	105026	105027	105028	105029	105030	105031	105032	105033	105034	105035	105036	105037	105038	105039	105040	105041	105042	105043	105044	105045	105046	103726	105048	106370	107692	109014	110336	110337	110338	111660	112981	114302	115623	116943
634686	641280	27.990000000000002	634686	634685	636005	637325	638645	638644	639964	639963	641283	641282	641281	641280
667491	674100	13.34	667491	668812	670134	671456	672778	674100
653098	655750	23.939999999999998	653098	654420	654421	654422	654423	654424	653104	653105	654427	654428	655750
690990	912866	934.12	690990	692310	693631	694951	696271	696270	697590	698910	700230	701552	702873	704194	705515	706837	708159	709480	710801	712123	713445	714766	716087	717408	718729	720049	721369	722689	724009	725329	726649	727969	729289	730609	731930	733251	734571	735892	737213	738534	739854	741174	742495	743815	745136	746456	747778	749099	750419	751739	753059	754380	755701	757022	758343	759664	760985	762307	763629	764951	766273	767595	768916	770237	771559	772881	774203	775525	776847	778169	779491	780811	782132	783454	784776	786098	787420	787421	787422	788744	790066	790067	790068	791389	792710	794031	795352	796674	797994	799315	800637	801958	803280	804601	805922	807242	808563	809884	811204	811203	812523	813844	815164	816485	817805	819125	820445	821765	823085	824405	825725	827046	828366	829687	831007	832327	833647	834967	836287	837607	838927	840247	841567	842887	844207	845527	846847	848167	849487	850807	852127	853447	854767	856087	857407	858727	860047	861367	862688	864009	865329	866649	867969	869289	870609	871930	873251	874571	875892	877213	878534	879855	881176	882497	883818	885139	886460	887781	889102	890423	891744	893065	894385	895705	897025	898345	899665	900985	902305	903625	904945	906265	907585	908905	910225	911545	912866
209527	132919	149.85999999999999	209527	208207	206887	205566	204246	202925	201604	200282	198962	197641	196320	194999	193679	192358	191038	189717	188396	187075	185754	184433	183112	181791	180470	179149	177827	176506	175185	173864	172543	171222	169901	168580	167259	165938	164617	163295	161974	160653	159332	158011	156690	155369	154048	152727	151406	150085	148764	147444	146124	144803	143482	142161	140840	139520	138200	136880	135560	134239	132919
581660	629202	69.52	581660	581659	581658	582978	584298	585618	586938	588258	588257	589577	590897	592218	593538	594858	596178	597499	598819	600140	601461	602782	604103	605424	606745	608066	609387	610708	612029	613350	614671	615992	617313	618634	619955	621276	622597	623918	625239	626560	627881	629202
572410	556556	21.77	572410	571089	569768	568447	567126	565804	564483	563162	561840	560519	559198	557877	556556
287633	267994	338.77	287633	287634	286314	286315	286316	286317	286318	286319	284999	285000	285001	285002	285003	283683	283684	283685	283686	283687	282367	282368	282369	282370	282371	282372	281052	281053	281054	281055	281056	281057	281058	281059	281060	279740	279741	279742	278422	278423	278424	278425	278426	277106	277107	277108	277109	277110	275790	275791	275792	275793	274473	274474	274475	274476	274477	273157	273158	273159	271839	271840	271841	271842	271843	270523	270524	269204	269205	269206	269207	269208	267888	267889	267890	267891	266571	266572	265252	263931	262611	261291	259971	259972	261294	262616	262617	262618	262619	261299	261300	261301	261302	259982	259983	258663	258664	258665	258666	258667	258668	258669	259991	259992	259993	259994	261316	262638	263960	263961	263962	263963	263964	263965	263966	263967	263968	263969	263970	263971	262651	262652	262653	262654	262655	262656	261336	261337	261338	261339	261340	261341	261342	261343	261344	261345	261346	261347	261348	261349	261350	262672	262673	262674	263996	265318	265319	265320	265321	265322	265323	265324	265325	265326	265327	266649	266650	266651	266652	266653	266654	266655	266656	266657	266658	266659	266660	266661	266662	266663	266664	266665	267987	267988	267989	267990	267991	267992	267993	267994
634686	625446	23.009999999999998	634686	633366	632046	630726	629406	628086	626766	625446
178898	180205	36.800000000000004	178898	180218	180217	180216	180215	180214	181534	181533	181532	182852	182851	181529	180207	180206	180205
180220	178898	2.9000000000000004	180220	178898
581660	580341	24.41	581660	581661	580341
213195	490287	797.9700000000001	213195	211873	211872	211871	211870	211869	211868	211867	211866	211865	211864	211863	210541	210540	210539	210538	210537	210536	210535	210534	210533	210532	209210	207888	207887	207886	207885	207884	209204	209203	209202	209201	210521	211841	213161	214481	215801	217121	218441	219761	221081	222402	223722	225042	226362	227682	229002	230322	231642	232963	234283	235603	236923	238243	239563	240883	240882	242202	243522	244842	246162	246161	247481	248801	248800	250120	251440	252760	252759	254079	254078	255398	256718	258038	259358	260678	260677	261997	263317	264637	264636	265956	265955	267275	268595	269915	269914	269913	269912	271232	271231	272551	273871	275191	276511	277831	279151	280471	281791	283111	284431	285751	287071	288391	289712	291033	291032	292352	292351	292350	293670	294990	296310	297630	298950	298949	300269	300268	300267	301587	302907	302906	304226	305546	305545	306865	306864	306863	308183	308182	308181	309501	310821	312141	312140	312139	312138	312137	312136	313456	314776	316096	317416	318737	320058	321378	322699	324020	325340	326660	327981	329302	330623	331944	333265	334585	335905	337225	338546	339866	341188	342508	343828	345149	346470	347790	349110	350431	351752	353072	354392	355712	357033	358354	359675	360995	362316	363636	364957	366278	367598	368919	370240	371561	372882	374202	375523	376843	378163	379484	380804	382125	383445	384766	386087	387409	388729	390049	391369	392690	394010	395331	396651	396650	397971	399291	400611	401932	403252	404573	405894	407214	408535	409855	411176	412496	412495	412494	413814	415134	416454	417774	419094	419093	419092	420412	420411	421731	421730	421729	423049	423048	423047	424367	424366	424365	424364	425684	425683	425682	427002	428322	428321	428320	428319	428318	429638	429637	429636	430956	430955	430954	432274	432273	432272	433592	433591	434911	434910	434909	436229	436228	437548	437547	437546	438866	438865	438864	438863	438862	438861	440181	440180	441500	441499	440177	440176	440175	440174	440173	441493	442814	444135	445455	446775	446774	446773	446772	448092	448091	449411	449410	450730	450729	450728	452048	452047	453367	453366	454686	454685	456005	456004	457324	457323	458643	458642	458641	458640	459960	459959	461279	461278	461277	459955	461275	462595	463915	465235	466555	466554	467874	467873	467872	469192	470512	470511	471831	471830	471829	473149	473148	474468	474467	474466	475786	475785	477105	478425	478424	479744	479743	479742	479741	479740	479739	479738	478416	478415	479735	481055	481054	481053	481052	481051	481050	482370	482369	482368	482367	482366	483686	485006	486326	487647	488967	490287
690990	602500	151.34999999999997	690990	689670	689671	688351	687031	685711	684390	683069	681748	680428	679108	677788	676468	675148	673827	672506	671186	669866	668544	667222	665901	664580	663259	661938	660617	659296	657974	656653	655333	654012	652691	651369	650048	648727	647406	646086	646087	644767	644768	643448	642127	640806	639485	638164	636843	635522	634201	632880	631559	630238	628917	627595	626275	624954	623633	622312	620991	619670	618349	617028	615708	614387	613066	611746	610425	609104	607783	606462	605142	603821	602500
663526	646375	63.900000000000006	663526	662206	660886	659566	659567	659568	659569	658249	658250	656930	655610	655611	655612	655613	654293	652973	652974	651654	650334	650335	649015	647695	646375
287633	448928	316.17999999999995	287633	288955	290277	291599	291600	292921	294243	295565	296887	298209	299530	300851	302173	303495	304817	304818	304819	306141	306142	307464	308786	310108	311430	312752	314074	315395	316717	318039	319360	320681	322003	323324	324645	325967	327289	328611	328612	328613	328614	329936	331258	332580	333902	335224	336546	337868	339190	340512	341834	343156	343157	344479	345801	347123	348445	349767	351089	352411	353733	355055	356377	357699	359021	360343	361665	361666	362988	364310	364311	365633	366955	368277	369599	370921	372243	373565	374887	376209	377531	377532	378854	380176	381497	382819	384141	385463	386785	388107	389429	390751	392073	393395	394717	396039	397361	397362	398683	398684	400006	401327	402649	403971	405293	406615	407937	409258	410580	411902	413224	414545	415867	415868	415869	417190	418511	419832	419833	421155	422477	423799	423800	425122	426444	427766	429088	429089	429090	430412	431734	431735	433057	434379	435701	435702	437024	437025	438347	438348	439670	440992	440993	442315	443637	444959	446281	446282	447604	447605	447606	448928
634686	626768	22.630000000000003	634686	634687	634688	633368	632048	630728	629408	628088	626768
